1 0 1 c1
0 1 0 92
0 1 0 b2
0 1 0 3f
0 1 1 2b
0 1 0 27
0 1 0 03
0 1 0 c0
0 1 0 94
0 1 0 a4
0 1 0 cc
0 1 0 ac
0 1 1 23
0 0 0 b5
0 1 0 7c
0 0 0 05
0 0 1 f2
0 0 1 33
0 0 0 82
0 0 0 be
0 0 0 8c
0 0 1 56
0 1 1 15
0 0 1 69
0 1 1 73
0 0 1 23
1 0 0 b7
0 1 0 ba
0 0 0 a3
0 0 1 dd
0 1 0 cf
0 1 0 e2
0 1 1 dc
0 0 0 ea
0 1 0 c1
0 1 0 11
0 0 0 ce
0 0 1 18
0 1 0 23
0 0 1 26
0 1 0 8d
0 0 1 a0
0 1 1 bf
1 0 0 12
0 0 1 d8
0 1 0 37
0 0 1 0c
0 0 1 e2
0 1 0 85
0 1 1 28
0 1 1 8f
0 1 0 91
0 1 1 1c
0 1 1 6c
0 1 0 43
0 0 0 c8
0 1 0 15
0 0 1 e5
0 1 1 18
0 1 0 6e
0 0 0 33
0 0 1 f6
0 1 1 7f
0 0 0 71
0 0 1 77
0 0 0 db
0 0 1 aa
0 1 1 69
1 0 1 37
0 0 1 69
0 1 1 05
0 0 1 85
0 1 1 b8
0 1 0 0c
0 1 1 17
0 0 1 70
0 1 0 d5
0 1 0 ed
0 1 0 6e
0 1 0 67
0 1 0 fd
0 1 0 90
0 1 0 d8
0 1 0 37
0 1 1 36
0 0 1 fd
0 0 0 67
0 0 1 2e
1 0 1 5a
0 0 1 7b
0 0 1 1e
0 0 1 05
0 1 1 42
0 1 1 48
0 1 1 be
0 0 1 b9
0 1 1 fd
0 1 0 a8
0 1 0 96
0 1 0 b9
0 0 1 a0
0 1 0 7a
0 1 0 73
0 0 0 f2
0 1 1 56
0 1 0 e2
0 1 1 56
0 1 0 d0
0 1 1 91
0 0 1 3b
0 0 1 0a
0 0 1 01
0 1 0 38
0 0 0 58
0 1 1 77
0 0 0 16
0 1 0 d7
0 1 0 df
0 0 1 ae
0 0 1 b5
0 1 1 c6
0 0 1 04
0 1 0 c9
0 1 0 f6
0 0 1 ad
0 0 1 18
0 1 0 26
0 1 0 7d
0 1 0 e9
0 1 0 a3
0 0 0 02
0 0 1 94
0 1 1 75
0 0 0 66
0 0 1 3b
0 0 1 f6
0 0 1 82
0 0 1 12
0 1 1 e9
0 1 1 a2
0 1 1 ca
0 1 0 6f
0 1 1 fd
0 1 0 90
0 1 1 47
0 0 0 36
0 1 0 43
0 1 0 9c
0 1 0 f5
0 1 0 59
0 1 0 db
0 1 1 62
0 1 1 64
0 1 1 ef
0 1 1 fc
0 1 0 97
0 0 1 a4
0 1 1 a1
0 0 1 6c
0 0 1 f8
