1 1 0 ec
0 0 0 bb
0 1 0 c6
0 1 0 e7
0 1 0 d8
0 1 0 e3
0 1 1 b9
0 1 0 72
0 0 0 81
0 0 0 b1
0 1 1 be
0 1 0 83
0 1 0 5f
0 1 1 fa
0 0 0 1f
0 1 1 0c
0 1 1 09
0 1 1 49
0 0 1 97
0 1 1 6f
0 1 0 36
0 0 1 75
0 0 1 94
0 1 1 b3
0 1 1 4c
1 1 0 dc
0 1 1 47
0 1 0 4d
0 1 0 f8
0 0 0 4e
0 1 0 ad
0 1 0 d7
0 0 1 e9
0 1 1 68
0 1 0 a3
0 1 0 4e
0 0 1 ea
0 1 0 3a
0 0 1 ce
0 0 1 ca
0 1 1 28
0 0 0 cd
0 1 1 78
0 0 0 71
0 1 0 91
0 0 1 b6
0 0 0 21
0 1 1 8e
0 0 1 fb
0 1 1 ec
0 1 1 6f
0 1 1 aa
0 0 0 0b
0 0 0 cc
0 1 1 c4
0 1 1 30
0 0 0 a6
0 1 0 d2
0 1 1 e4
0 1 1 78
0 0 0 80
0 1 1 01
0 1 1 fe
0 0 0 6c
0 0 1 12
0 0 1 ff
0 1 0 0e
0 1 1 f3
0 1 1 20
0 1 0 20
0 0 1 14
0 0 0 cc
0 0 1 92
0 0 1 1f
0 1 0 b2
0 1 0 bd
0 1 1 b7
0 1 0 4d
0 1 1 36
0 1 0 03
0 1 0 bf
0 1 1 b7
0 1 0 e1
1 1 0 d7
0 0 0 00
0 0 1 c7
0 0 0 82
0 1 1 51
0 0 1 5e
0 0 1 a0
0 0 1 51
0 0 1 6b
0 0 1 67
0 0 1 75
0 0 1 b1
0 0 1 ee
0 1 0 e1
0 0 0 ba
0 0 0 94
0 1 0 d7
0 1 0 08
0 1 0 02
0 1 1 d0
0 1 0 f2
0 1 0 d2
0 1 1 05
0 0 0 0e
0 0 0 e5
0 0 0 92
0 0 0 d4
0 1 1 58
0 0 0 12
0 0 0 48
0 0 1 30
0 1 1 bf
0 0 1 00
0 0 1 05
0 0 0 10
0 0 1 94
0 0 1 33
0 1 1 01
0 1 0 c4
0 1 0 9e
0 1 1 6e
0 0 0 65
0 1 1 41
0 1 0 72
0 1 0 f6
0 0 0 05
0 0 0 00
0 1 0 cd
0 1 0 6b
0 0 1 37
0 0 0 64
0 0 1 48
0 0 1 15
0 1 1 f6
0 1 1 a7
0 0 0 c3
0 0 1 7e
0 1 1 e4
0 0 1 53
0 1 1 0e
0 0 1 0e
0 0 1 b1
0 0 1 55
0 1 0 53
0 0 0 ca
0 0 1 f0
0 1 0 aa
0 1 0 b8
0 1 0 48
0 1 0 af
1 0 0 f3
0 1 0 19
0 1 1 3d
0 0 1 1a
0 1 0 f2
0 0 0 6f
0 0 1 53
