1 1 1 8f
0 1 0 96
0 0 1 7f
0 1 1 20
0 1 0 b2
0 1 0 75
0 1 0 98
0 1 1 18
0 0 0 e5
0 1 0 ca
0 1 1 85
0 1 0 18
0 0 1 db
0 0 1 62
0 0 0 d0
0 0 1 99
0 0 0 46
0 0 1 a9
0 0 0 1d
0 1 1 5f
0 0 1 9e
0 1 1 f7
0 0 1 7e
0 0 1 60
0 1 0 f4
0 1 1 6f
0 1 0 58
0 0 0 13
0 1 0 9f
0 1 1 0b
0 0 0 05
0 0 0 e9
0 0 0 11
0 1 0 fe
0 1 0 d2
0 1 0 91
0 0 1 6c
0 0 0 49
0 0 0 e6
0 0 0 4e
0 0 0 c8
0 0 0 77
0 0 1 88
0 0 1 51
0 0 1 65
0 0 1 e9
0 1 0 33
0 0 0 62
0 1 0 a2
0 1 0 c2
0 0 1 93
0 1 0 8c
0 1 1 92
0 1 0 eb
0 1 0 d8
0 1 0 8a
0 1 1 d1
0 1 0 e7
0 1 0 9d
0 1 0 60
0 0 1 c6
0 1 1 03
0 0 1 8d
0 1 1 79
0 0 1 02
0 0 1 61
0 0 0 22
0 1 0 75
0 0 1 69
0 0 1 2d
0 1 1 ac
0 0 1 c3
0 1 0 d5
0 0 0 15
0 1 0 44
0 0 0 8f
0 1 1 79
0 1 0 70
0 1 0 e6
0 1 1 88
0 1 0 85
0 1 1 83
0 1 1 87
0 1 0 24
0 0 1 d7
0 1 0 0d
0 0 0 fe
0 0 0 a9
1 0 1 af
0 0 1 3d
0 1 1 d8
0 0 1 18
0 0 1 25
0 0 1 93
0 1 1 eb
0 0 0 9d
0 0 0 87
0 1 1 7b
0 1 0 87
0 1 0 78
0 1 1 e5
0 1 0 88
0 1 0 d1
0 1 1 ed
0 1 0 ee
0 1 1 49
0 0 0 b1
0 1 0 6d
0 0 1 08
0 0 1 97
0 0 0 92
0 0 1 e4
0 0 1 b9
0 0 0 e1
0 0 0 a2
0 0 1 79
0 0 1 5e
0 0 1 97
0 0 1 dc
0 0 1 06
0 1 1 4b
1 1 1 b3
0 0 0 d9
0 0 1 f6
0 1 1 22
0 1 1 e2
0 0 1 bf
0 0 0 c6
0 1 0 b6
0 1 0 89
0 1 0 af
0 0 0 ca
0 0 0 e6
0 0 1 19
0 1 1 8e
0 0 1 4e
0 1 1 9d
0 0 1 3b
0 0 0 35
0 1 1 01
0 1 1 66
0 1 1 3b
0 0 1 db
0 1 1 2b
0 1 0 57
0 1 0 c6
0 1 0 00
0 1 1 83
0 1 0 80
1 1 0 7d
0 1 0 97
0 1 1 d9
0 1 1 af
0 0 0 cb
0 0 1 14
0 1 0 e8
0 0 0 2f
0 0 0 b9
0 1 0 08
0 0 1 3a
