1 0 0 0e
0 0 1 0a
0 1 0 07
0 1 0 7e
0 1 0 15
0 1 1 7a
0 0 0 93
0 0 0 46
0 1 0 05
0 1 0 ad
0 0 1 c6
1 1 0 90
0 0 1 ce
0 0 1 90
0 0 0 a1
0 0 1 36
0 0 0 b4
0 0 0 70
0 0 1 cc
0 0 1 d8
0 0 1 e5
0 0 1 d7
0 0 1 af
0 0 1 b5
0 0 0 41
0 1 1 1a
0 1 0 eb
0 0 0 3a
0 1 1 de
0 1 0 9b
0 0 1 1f
0 1 0 47
0 1 1 19
0 1 0 29
0 1 1 a8
0 1 1 ad
0 1 0 cd
0 1 0 2b
0 0 0 40
0 0 1 0b
0 0 1 8d
0 1 1 e1
0 1 0 46
0 0 0 84
0 0 1 3f
0 1 1 e6
0 0 1 7b
0 0 1 c3
0 1 0 bd
0 0 0 79
0 0 0 e3
0 1 1 63
0 1 0 38
0 1 0 49
0 1 0 5a
0 1 0 e8
0 0 0 2b
0 0 0 56
0 1 0 69
0 1 1 be
0 1 1 f2
0 1 1 24
0 0 1 78
0 0 0 f7
0 1 1 7f
0 1 1 50
0 0 1 c6
0 1 1 11
0 1 1 51
0 0 0 17
0 1 1 57
0 0 1 b5
0 1 0 34
0 1 1 4a
0 1 1 91
0 1 1 2e
0 1 0 cd
0 1 0 31
0 0 0 61
0 0 1 0e
0 0 0 c8
0 0 1 ba
0 0 1 42
0 1 0 7c
0 0 0 57
0 0 0 96
0 1 1 f0
0 0 1 55
1 0 1 5b
0 0 1 c9
0 0 0 b2
0 0 1 60
0 0 1 99
0 0 1 89
0 1 1 f2
0 0 1 8c
0 0 0 79
0 1 1 3c
0 0 0 e4
0 0 0 c9
0 1 1 3f
0 1 1 40
0 1 1 c1
0 1 1 c9
0 0 1 1a
0 1 0 09
0 1 0 44
0 1 1 a9
0 0 0 22
0 0 1 dc
0 1 1 6e
0 0 0 48
0 1 1 12
0 0 1 4b
0 0 1 bb
0 0 1 ec
0 1 1 b6
0 1 1 27
0 1 1 89
0 0 0 e0
0 1 1 59
0 1 0 c3
0 1 0 c9
0 1 0 fe
0 1 0 17
0 1 0 96
0 1 0 39
0 1 1 4d
0 0 1 2f
0 1 0 e9
0 0 0 a5
0 1 1 77
0 0 0 0b
0 0 1 b4
0 1 1 18
1 1 1 c4
0 1 1 a7
0 1 1 c2
0 0 1 23
0 1 0 c7
0 0 1 f4
0 0 1 18
0 0 0 ff
0 1 1 5a
0 1 0 16
0 1 0 5e
0 1 0 31
0 0 1 42
0 1 0 9f
0 1 1 02
0 1 0 fb
0 1 1 a8
0 0 1 ba
0 0 0 e4
0 1 0 92
0 1 1 c4
0 0 1 33
0 0 1 8a
0 1 1 c3
0 0 1 06
