1 1 1 25
0 0 1 12
0 0 1 7b
0 1 0 48
0 1 0 5a
0 1 1 df
0 1 1 33
0 1 0 65
0 1 1 71
0 1 1 9d
0 1 1 c0
0 1 0 33
0 0 1 36
0 0 1 1e
0 0 1 d8
0 0 0 aa
0 1 1 0b
0 1 0 31
0 1 0 ba
0 0 0 8d
0 0 1 b9
0 0 1 d2
0 1 1 0e
0 0 1 93
0 1 1 c4
0 0 1 df
0 1 1 01
0 1 0 7a
0 1 0 58
0 1 1 0a
0 0 0 66
0 1 0 49
0 1 1 77
1 1 1 14
0 1 0 44
0 1 0 04
0 0 1 ae
0 0 1 5f
0 0 0 26
0 0 1 e2
0 0 1 16
0 1 1 12
0 0 1 fb
0 0 1 64
0 0 1 bb
0 0 1 1f
0 1 0 37
0 1 0 2d
0 0 0 af
0 1 0 e0
0 1 0 40
0 1 0 7f
0 1 1 72
0 0 0 e6
0 1 0 d3
0 1 0 f2
0 0 0 e5
0 1 0 ef
0 1 0 98
0 1 0 34
0 1 1 b3
0 0 1 ce
0 0 0 00
0 0 1 3e
0 0 1 8a
0 0 1 5b
0 0 1 c4
0 0 1 f9
0 1 1 39
0 0 1 a5
0 1 1 d9
0 0 0 b2
0 1 0 88
0 1 1 3c
0 1 1 97
0 1 0 13
0 1 0 31
0 1 0 40
0 0 0 63
0 0 0 68
0 1 1 1c
0 1 0 74
1 1 1 1d
0 1 0 00
0 0 1 db
0 0 1 b2
0 0 1 86
0 1 1 46
0 0 1 50
0 1 1 99
0 0 1 59
0 0 1 36
0 0 1 af
0 1 1 c9
0 1 1 18
0 1 1 4e
0 0 1 c8
0 1 0 ca
0 1 1 d6
0 1 0 ed
0 1 0 c3
0 1 0 51
0 0 0 f6
0 1 1 c7
0 1 1 22
0 1 0 cd
0 1 1 e4
0 1 0 87
0 0 1 80
0 0 1 4f
0 0 1 fb
0 0 1 db
0 0 1 3d
0 0 1 3b
0 0 1 a2
0 0 1 ce
0 0 0 72
0 0 0 ab
0 0 1 e2
0 0 1 d8
0 1 0 2a
0 1 1 49
0 1 1 75
0 1 1 cf
0 1 0 49
0 1 0 5a
0 1 1 84
0 1 0 d8
0 1 0 e5
0 1 1 ad
0 1 0 5d
0 0 1 81
0 1 0 af
0 0 1 d0
0 0 0 64
0 1 1 33
0 0 1 4d
0 1 0 e7
0 1 1 eb
0 0 0 88
0 0 0 9a
0 0 1 84
0 0 1 7d
0 0 1 c3
0 1 1 94
0 1 1 cb
0 1 0 70
0 1 1 a0
0 0 1 ad
0 1 1 e2
0 1 0 94
0 0 0 7c
0 1 0 95
0 1 1 d5
0 0 0 5b
0 0 0 c0
0 0 1 26
0 0 1 4e
0 1 1 c3
0 0 0 8c
