1 1 1 be
0 1 0 a3
0 1 1 83
0 1 1 31
0 1 0 06
0 1 0 05
0 0 0 8e
0 0 0 dc
0 1 1 4e
0 1 0 e3
0 1 0 49
0 1 0 79
0 0 1 7d
0 0 1 2d
0 0 0 d8
0 0 1 f2
0 0 0 24
0 1 1 a0
0 1 1 23
0 1 1 d8
0 0 1 e6
0 0 1 79
0 0 1 33
0 0 1 e5
0 1 0 b4
0 1 0 c3
0 0 1 dc
0 1 0 89
0 1 0 22
0 1 0 4a
0 0 1 2f
0 0 0 0d
0 0 0 43
0 1 1 d3
0 1 0 ab
1 1 1 fd
0 0 1 0e
0 0 0 c5
0 0 0 69
0 0 1 0d
0 0 1 62
0 0 1 5f
0 0 0 a3
0 0 1 21
0 0 1 da
0 0 0 1f
0 0 1 40
0 0 1 ac
0 1 1 06
0 1 0 da
0 0 0 9d
0 1 0 a3
0 1 1 cf
0 0 1 ad
0 1 0 97
0 1 0 f7
0 0 0 be
0 1 1 55
0 1 0 96
0 1 1 af
0 0 1 26
0 1 0 4b
0 0 1 ce
0 0 1 e3
0 0 1 d8
0 0 0 de
0 1 0 b8
0 0 1 55
0 0 0 17
1 0 0 3e
0 0 1 18
0 1 0 dc
0 1 0 71
0 1 1 23
1 0 0 7e
0 1 0 e5
0 1 0 02
0 1 0 2e
0 1 0 80
0 1 1 3f
0 1 0 d3
0 1 0 7b
0 1 0 36
0 1 0 30
0 1 1 7b
0 0 1 e5
0 1 1 e8
0 0 1 e8
0 0 1 57
0 1 1 4e
0 0 1 ef
0 1 0 6f
0 0 1 5f
0 0 1 fa
0 1 1 22
0 0 1 b0
0 1 0 2c
0 1 0 82
0 1 1 0c
0 1 0 b8
0 1 0 c5
0 1 0 2e
0 0 0 92
0 0 0 e3
0 1 0 58
0 1 1 4f
0 1 0 7b
0 1 1 9f
0 0 1 f3
0 1 1 13
0 0 1 1a
0 0 1 38
0 0 0 bd
0 1 1 4c
0 0 1 07
0 0 1 3e
0 0 1 a3
0 0 0 2b
0 1 1 11
0 0 1 f9
0 1 0 3c
0 0 0 bd
0 1 0 68
0 0 1 98
0 1 0 fc
0 1 0 e4
0 1 1 13
0 1 0 b0
0 1 1 bc
0 0 0 8d
0 1 1 bf
0 1 1 7c
0 1 0 58
0 1 1 fe
0 1 1 e2
0 1 1 a1
0 1 0 dd
0 0 1 96
0 1 0 c6
0 0 0 8b
0 1 1 90
0 0 1 d6
0 0 1 d6
0 0 1 af
0 1 1 00
0 0 1 90
0 1 1 31
0 1 1 fd
0 1 0 4b
0 0 0 01
0 1 0 14
0 1 0 86
0 1 0 1e
0 1 0 8f
0 0 0 27
0 1 0 9d
0 0 1 52
0 1 0 94
1 1 0 33
0 1 0 5e
