1 1 0 0f
0 0 1 e1
0 1 1 6f
0 1 1 04
0 0 0 5e
0 1 0 63
0 1 0 34
0 1 0 f8
0 1 0 42
0 0 0 6f
0 1 1 09
0 0 0 34
0 0 1 61
0 1 1 10
0 0 1 d9
0 1 1 b4
0 0 1 cf
0 0 0 1f
0 0 0 73
0 0 1 bb
0 1 1 0d
0 0 1 26
0 0 1 8e
0 1 1 58
0 1 1 5d
0 1 0 9c
0 1 0 de
0 1 0 f4
0 1 1 67
0 1 1 bf
0 1 1 d5
0 0 0 e4
0 1 0 61
0 1 1 32
0 1 1 50
0 1 0 8e
0 0 1 48
0 0 1 cf
0 0 1 e8
0 0 0 d8
0 1 0 a3
0 1 1 34
0 0 1 98
0 0 1 21
0 0 1 f6
0 0 1 d0
0 1 0 f0
0 0 1 75
0 1 1 f3
0 1 0 21
0 1 0 64
0 1 1 b3
0 0 0 ab
0 0 0 ac
0 1 1 3e
0 1 1 36
0 1 0 23
0 1 0 fd
0 1 0 87
0 0 1 17
0 0 1 99
0 0 1 3e
0 0 0 6f
0 0 0 7b
0 1 1 19
0 0 1 c3
0 0 1 e5
0 0 1 51
0 0 1 96
0 1 0 37
0 0 1 e2
0 0 1 f6
0 1 0 4a
0 0 0 35
0 0 0 b3
0 1 1 a0
0 1 0 a0
0 1 1 2a
0 1 1 c9
0 1 1 e6
0 1 0 8f
0 1 0 16
0 1 0 da
0 0 0 ae
0 1 1 8d
1 0 1 52
0 0 0 d9
0 0 1 de
0 1 1 ff
0 0 1 6d
0 0 1 6c
0 0 0 1a
0 1 1 11
0 1 1 ad
0 0 0 98
0 0 0 1b
0 0 1 1b
0 0 0 d9
0 0 0 ba
0 1 0 c9
0 1 0 a2
0 1 0 6e
0 1 0 58
0 1 0 b6
0 0 0 9a
0 1 0 aa
0 1 1 21
0 1 0 04
0 0 1 75
0 0 1 6b
0 0 1 a5
0 1 1 42
0 0 1 80
0 0 1 c7
0 1 1 ef
0 1 1 62
0 1 1 3a
0 0 0 6c
0 1 1 0e
0 0 1 82
0 1 0 80
0 1 1 b2
0 1 0 35
0 1 0 db
0 1 0 18
0 0 0 e2
0 0 0 c3
0 1 1 32
0 1 0 e6
0 1 0 b9
0 1 0 b9
0 1 0 ed
0 0 1 8c
0 0 1 03
0 1 1 c3
0 0 1 a9
0 1 1 78
0 1 1 7a
0 0 1 7d
0 1 1 65
1 1 0 b4
0 0 1 f4
0 1 1 0b
0 0 0 66
1 1 0 75
0 1 1 39
0 1 0 b5
0 1 0 28
0 1 1 90
0 0 0 03
0 0 0 09
0 1 1 7e
0 1 0 79
0 1 0 9b
0 1 0 ec
0 1 0 98
0 0 1 90
0 0 0 51
0 1 1 7f
0 0 1 95
