1 0 0 c7
0 1 1 a9
0 0 1 59
0 0 0 5a
0 1 1 f4
0 1 0 22
0 1 0 c8
0 1 1 d0
0 1 0 97
0 1 0 67
0 1 0 f5
0 0 0 02
0 0 1 2d
0 0 0 34
0 0 1 67
0 1 1 4a
0 0 1 3e
0 0 1 84
0 0 1 93
0 1 0 0b
0 0 1 e3
1 0 1 41
0 1 0 82
0 0 1 4d
0 1 1 8a
0 1 1 75
0 1 0 29
0 1 0 74
0 1 0 fb
0 1 1 23
0 0 0 83
0 1 0 95
1 1 0 04
0 0 0 c6
0 1 1 7f
0 1 0 46
0 0 0 51
0 0 1 f3
0 0 1 aa
0 1 1 8e
0 0 1 00
0 1 1 94
0 0 0 d6
0 0 1 97
0 1 1 ce
0 1 1 cc
0 0 1 c9
0 0 1 fa
0 1 1 87
0 0 1 65
0 1 0 54
0 0 0 dc
0 1 0 09
0 1 0 c7
0 1 1 b9
0 0 0 a8
0 1 1 e0
0 1 0 54
0 1 1 f4
0 1 0 3b
0 1 1 25
0 0 1 c5
0 1 1 29
0 0 1 3c
0 0 0 b0
0 1 1 57
0 0 1 28
0 1 1 24
0 0 0 3c
0 0 1 b1
0 0 0 0c
0 1 1 5e
0 1 1 10
0 1 1 bf
0 1 0 7f
1 1 1 0f
0 1 0 07
0 1 0 c0
0 1 0 b3
0 1 1 6d
0 1 0 d6
0 1 0 e6
0 1 0 bc
0 1 1 61
0 0 1 81
0 0 1 22
0 1 1 6f
0 0 1 1b
0 1 0 44
0 0 1 53
0 0 1 67
0 1 0 53
0 0 1 fe
0 0 1 54
0 1 1 b8
0 1 1 1f
0 0 0 b1
1 1 1 08
0 1 0 fb
0 0 1 38
0 1 1 15
0 1 1 05
0 1 0 a2
0 1 1 75
0 1 0 38
0 0 0 e2
0 0 1 a4
0 0 0 0c
0 1 1 a1
0 0 0 10
0 1 1 20
0 1 1 da
0 1 1 5b
0 1 1 f0
0 0 1 60
0 1 1 85
0 1 1 64
0 1 0 0e
0 0 1 94
0 1 0 b9
0 1 0 6d
0 0 0 67
0 1 1 0c
0 1 0 41
0 1 0 7a
0 1 1 80
0 0 0 19
0 0 1 0a
0 0 1 d4
0 0 1 e8
0 1 0 22
0 1 0 15
0 0 1 fe
0 1 1 b9
0 0 0 f8
0 0 1 30
0 0 1 a1
0 0 1 bb
0 0 0 c3
0 1 1 72
0 0 1 fa
0 0 0 c4
0 0 1 e9
0 0 1 3e
0 1 0 76
0 1 1 2e
0 1 0 d6
0 1 0 90
0 1 1 18
0 0 0 3b
0 0 0 e6
0 1 0 70
0 1 0 08
0 1 0 31
0 1 0 fd
0 1 1 86
0 1 0 af
0 0 0 54
0 1 0 78
0 1 1 46
